update,timestep,mean_reward,mean_bdr,mean_delay,mean_energy,policy_loss,value_loss,entropy
1,2048,-15.7425,0.0,0.0,0.0,-0.001265,68.652743,1.072727
2,4096,-8.715,0.0,0.0,0.0,-0.012216,57.223914,1.149513
3,6144,-7.6925,0.0,0.0,0.0,-0.012169,35.884318,1.194057
4,8192,-8.1625,0.0,0.0,0.0,-0.013337,24.76405,1.143257
5,10240,-9.4875,0.0,0.0,0.0,-0.004692,27.747666,1.207557
6,12288,-6.6925,0.0,0.0,0.0,-0.009226,21.432524,1.1474
7,14336,-8.1175,0.0,0.0,0.0,-0.004726,18.005367,1.100537
8,16384,-3.6875,0.0,0.0,0.0,-0.001642,12.736869,1.11031
9,18432,-3.875,0.0,0.0,0.0,-0.005376,14.763598,1.109248
10,20480,-4.87,0.23333,790.23209,7466666.66667,-0.00677,14.322845,1.104214
11,22528,-7.545,0.0,0.0,0.0,-0.003238,12.074593,1.04818
12,24576,-3.3175,0.0,0.0,0.0,-0.000249,9.171391,1.080844
13,26624,-7.89,0.0,0.0,0.0,-0.011768,16.4501,1.241556
14,28672,-3.5925,0.0,0.0,0.0,-0.006704,11.542333,1.16098
15,30720,-5.675,0.0,0.0,0.0,-0.010344,9.939448,1.06494
16,32768,-3.9525,0.0,0.0,0.0,-0.006556,9.554121,1.098893
17,34816,-5.275,0.0,0.0,0.0,-0.00478,10.209468,1.135762
18,36864,-7.71,0.0,0.0,0.0,-0.004327,11.630856,1.128338
19,38912,-3.2,0.0,0.0,0.0,-0.002125,8.32636,1.12766
20,40960,-5.37,0.2,718.42914,3928286.57285,-0.00548,7.729294,1.104179
21,43008,-4.98,0.0,0.0,0.0,-0.005023,9.141767,1.072616
22,45056,-2.7825,0.0,0.0,0.0,-0.002932,7.878484,1.037431
23,47104,-3.95,0.0,0.0,0.0,-0.006015,8.0578,1.013896
24,49152,-3.8975,0.0,0.0,0.0,-0.005419,7.146201,0.988533
25,51200,-1.3,0.0,0.0,0.0,-0.000555,9.736203,1.041846
26,53248,-3.6725,0.0,0.0,0.0,-0.002013,8.301391,1.044132
27,55296,-4.895,0.0,0.0,0.0,-0.005163,8.984735,1.057065
28,57344,-6.535,0.0,0.0,0.0,-0.002235,7.679784,1.012316
29,59392,-2.4825,0.0,0.0,0.0,-0.005914,8.900238,1.037026
30,61440,-5.78,0.23333,1097.31704,3200000.0,-0.004397,7.833763,1.021637
31,63488,-0.44,0.0,0.0,0.0,-0.000277,7.801427,1.020501
32,65536,-5.125,0.0,0.0,0.0,-0.000381,8.441789,1.051289
33,67584,-5.02,0.0,0.0,0.0,-0.003841,9.851802,1.054321
34,69632,-3.7025,0.0,0.0,0.0,-0.002656,9.056834,1.052827
35,71680,-5.4575,0.0,0.0,0.0,-0.005124,7.705726,1.045192
36,73728,-4.0225,0.0,0.0,0.0,-0.00475,8.264276,1.004592
37,75776,-5.3825,0.0,0.0,0.0,-0.003079,6.77351,1.023623
38,77824,-3.41,0.0,0.0,0.0,-0.004288,9.914434,1.028144
39,79872,-5.7275,0.0,0.0,0.0,-0.004712,7.970385,1.012854
40,81920,-3.3125,0.23333,1259.57125,3666666.66667,0.0002,8.022046,1.049621
41,83968,-4.06,0.0,0.0,0.0,-0.006151,9.472757,1.041542
42,86016,-2.1425,0.0,0.0,0.0,-0.00109,10.196877,1.064419
43,88064,-5.455,0.0,0.0,0.0,-0.003606,8.793166,1.026687
44,90112,-6.3925,0.0,0.0,0.0,-0.003692,7.396535,1.023981
45,92160,-3.975,0.0,0.0,0.0,-0.004775,8.887511,1.018909
46,94208,-2.655,0.0,0.0,0.0,-0.005985,8.238516,1.000727
47,96256,-3.2,0.0,0.0,0.0,-0.005062,8.806399,0.972933
48,98304,-6.1525,0.0,0.0,0.0,-0.001455,8.522718,0.994787
49,100352,-3.005,0.0,0.0,0.0,-0.003048,9.477392,1.009046
50,102400,-5.8675,0.1,226.89265,3882521.34492,-0.004469,6.404054,0.963351
51,104448,-5.3925,0.0,0.0,0.0,-0.00544,7.819742,1.012049
52,106496,-5.7075,0.0,0.0,0.0,-0.003858,7.906737,1.002594
53,108544,-3.765,0.0,0.0,0.0,-0.004219,7.289476,1.006664
54,110592,-5.415,0.0,0.0,0.0,-0.005173,8.792718,0.989958
55,112640,-5.1175,0.0,0.0,0.0,-0.001628,6.403565,0.958738
56,114688,0.065,0.0,0.0,0.0,0.000714,6.414577,0.941764
57,116736,-5.0625,0.0,0.0,0.0,-0.005642,5.894761,0.960638
58,118784,-1.935,0.0,0.0,0.0,-0.003818,7.386165,0.957839
59,120832,0.0775,0.0,0.0,0.0,-0.005907,6.427505,0.969804
60,122880,-4.0075,0.06667,110.35931,1800000.0,-0.001295,6.663735,0.948753
61,124928,-2.8925,0.0,0.0,0.0,-0.002026,6.324159,0.943779
62,126976,-5.4925,0.0,0.0,0.0,-0.005549,6.465,0.923244
63,129024,-3.1,0.0,0.0,0.0,-0.001238,7.811292,0.994543
64,131072,-4.615,0.0,0.0,0.0,-0.000224,6.208193,0.988417
65,133120,-6.0825,0.0,0.0,0.0,-0.004977,7.73252,0.998791
66,135168,-3.86,0.0,0.0,0.0,-0.0037,7.578914,1.017879
67,137216,-3.615,0.0,0.0,0.0,-0.003566,6.356511,0.975096
68,139264,-3.63,0.0,0.0,0.0,-0.003863,7.754846,1.003431
69,141312,-2.16,0.0,0.0,0.0,-0.004198,6.441941,0.943184
70,143360,-3.2125,0.13333,328.40344,2666666.66667,-0.00764,7.715939,0.980336
71,145408,-5.5925,0.0,0.0,0.0,-0.000282,7.568082,0.959805
72,147456,-1.585,0.0,0.0,0.0,-0.005938,8.231343,0.976249
73,149504,-6.47,0.0,0.0,0.0,0.00049,7.441902,0.999547
74,151552,-6.4825,0.0,0.0,0.0,-0.002393,8.504024,0.998061
75,153600,-5.2075,0.0,0.0,0.0,-0.001165,7.93283,0.939101
76,155648,-5.09,0.0,0.0,0.0,-0.000916,7.45841,0.941418
77,157696,-2.2675,0.0,0.0,0.0,-0.000999,7.502557,0.988011
78,159744,-4.5975,0.0,0.0,0.0,-0.002309,7.854733,0.987776
79,161792,-4.815,0.0,0.0,0.0,-0.002116,7.468323,0.979509
80,163840,-6.4425,0.16667,478.31604,4818063.29087,-0.003587,8.896373,1.014688
81,165888,-5.3875,0.0,0.0,0.0,-0.002983,8.594141,0.983256
82,167936,-5.6375,0.0,0.0,0.0,-0.001056,7.134664,0.989318
83,169984,-5.61,0.0,0.0,0.0,-0.003737,8.111659,0.962539
84,172032,-3.63,0.0,0.0,0.0,-0.003114,6.440672,0.926157
85,174080,-3.6125,0.0,0.0,0.0,-0.002835,6.964876,0.919075
86,176128,-4.57,0.0,0.0,0.0,-0.001944,8.724913,0.989932
87,178176,-6.8425,0.0,0.0,0.0,-0.004897,7.020654,0.94589
88,180224,-5.855,0.0,0.0,0.0,-0.002933,7.300158,0.984579
89,182272,-7.6525,0.0,0.0,0.0,-0.001547,5.895062,0.931667
90,184320,-4.7625,0.1,234.7425,3600000.0,-0.003689,6.832142,0.926491
91,186368,-2.865,0.0,0.0,0.0,-0.002674,7.669863,0.937202
92,188416,-1.91,0.0,0.0,0.0,-0.001716,7.177943,0.927972
93,190464,-6.075,0.0,0.0,0.0,-0.004556,7.13356,0.936399
94,192512,-2.895,0.0,0.0,0.0,-0.001332,9.130998,0.925223
95,194560,-4.1425,0.0,0.0,0.0,-0.004277,7.470398,0.949403
96,196608,-3.68,0.0,0.0,0.0,0.000119,7.580332,0.94936
97,198656,-1.8075,0.0,0.0,0.0,-0.001401,7.199357,0.914825
98,200704,-4.2975,0.0,0.0,0.0,0.000659,6.484544,0.943402
99,202752,-5.0075,0.0,0.0,0.0,-0.002535,7.050641,0.946478
100,204800,-1.7875,0.03333,228.07229,2733333.33333,-0.001073,6.754284,0.879022
101,206848,-5.2325,0.0,0.0,0.0,-0.004655,9.352771,0.980891
102,208896,-6.025,0.0,0.0,0.0,-0.003081,6.48834,0.878366
103,210944,-2.6925,0.0,0.0,0.0,-0.003348,6.130997,0.915375
104,212992,-4.1775,0.0,0.0,0.0,-0.001589,7.162435,0.876832
105,215040,-5.135,0.0,0.0,0.0,-0.002351,6.507109,0.927789
106,217088,-3.655,0.0,0.0,0.0,-0.006684,5.465209,0.891275
107,219136,-4.2625,0.0,0.0,0.0,-0.001938,6.186427,0.88868
108,221184,-3.8675,0.0,0.0,0.0,-0.002929,6.179489,0.916475
109,223232,-2.8,0.0,0.0,0.0,-0.001775,6.67411,0.939955
110,225280,-6.2025,0.13333,634.03139,3692073.46453,-0.001385,7.368565,0.89961
111,227328,-1.7925,0.0,0.0,0.0,0.001829,6.083829,0.928744
112,229376,-8.2625,0.0,0.0,0.0,-0.004584,5.56934,0.90688
113,231424,-5.9625,0.0,0.0,0.0,-0.001528,6.075105,0.908746
114,233472,-7.505,0.0,0.0,0.0,-0.002837,7.406883,0.869692
115,235520,-5.6625,0.0,0.0,0.0,-0.003094,6.995042,0.896445
116,237568,-3.7975,0.0,0.0,0.0,-0.00186,8.39893,0.907666
117,239616,-3.1225,0.0,0.0,0.0,-0.003101,6.282913,0.945386
118,241664,-5.2225,0.0,0.0,0.0,-0.006734,7.045839,0.869745
119,243712,-7.255,0.0,0.0,0.0,5.5e-05,6.305517,0.922601
120,245760,-2.9875,0.23333,954.0892,3600000.0,0.000932,7.622252,0.895894
121,247808,-5.665,0.0,0.0,0.0,-0.002724,6.072166,0.884387
122,249856,-4.9,0.0,0.0,0.0,-0.003214,9.34659,0.918174
123,251904,-4.36,0.0,0.0,0.0,-0.004592,7.989449,0.892093
124,253952,-5.7975,0.0,0.0,0.0,-0.007923,7.75018,0.912781
125,256000,-4.57,0.0,0.0,0.0,-0.002607,9.613726,0.958226
126,258048,-4.5475,0.0,0.0,0.0,-0.004405,6.655981,0.906531
127,260096,-2.55,0.0,0.0,0.0,-0.002472,6.858496,0.906325
128,262144,-8.2,0.0,0.0,0.0,-0.002993,7.04835,0.921567
129,264192,-3.75,0.0,0.0,0.0,-0.001461,8.288923,0.933731
130,266240,-5.69,0.06667,277.36148,3000000.0,-0.004569,7.461485,0.939522
131,268288,-6.1075,0.0,0.0,0.0,-0.003455,7.080992,0.889306
132,270336,-5.235,0.0,0.0,0.0,-0.004138,8.110159,0.941518
133,272384,-3.96,0.0,0.0,0.0,-0.001022,8.767581,0.929468
134,274432,-6.02,0.0,0.0,0.0,-0.002195,8.09416,0.892135
135,276480,-6.3175,0.0,0.0,0.0,-0.006642,7.704389,0.87003
136,278528,-4.17,0.0,0.0,0.0,-0.003354,6.374649,0.853969
137,280576,-2.2675,0.0,0.0,0.0,-0.003025,6.081191,0.904613
138,282624,-3.65,0.0,0.0,0.0,-0.00076,6.087864,0.906545
139,284672,-3.7125,0.0,0.0,0.0,-0.003547,6.551031,0.876042
140,286720,-3.4,0.33333,1160.94251,2860139.09214,-0.002764,8.062344,0.876819
141,288768,-6.055,0.0,0.0,0.0,-0.00041,6.606089,0.918896
142,290816,-5.2325,0.0,0.0,0.0,-0.000822,6.86591,0.93444
143,292864,-4.4925,0.0,0.0,0.0,0.000586,6.540328,0.952385
144,294912,-6.2775,0.0,0.0,0.0,-0.001384,8.517492,0.944375
145,296960,-3.68,0.0,0.0,0.0,-0.000804,7.185388,0.952002
146,299008,-6.4325,0.0,0.0,0.0,-0.004675,7.459552,0.956874
147,301056,-3.6125,0.0,0.0,0.0,-0.004582,5.375649,0.900885
148,303104,-4.295,0.0,0.0,0.0,-0.002328,7.303676,0.914073
149,305152,-5.325,0.0,0.0,0.0,-0.003876,8.519012,0.930432
150,307200,-5.375,0.16667,661.25142,3033333.33333,-0.001828,5.674961,0.906608
151,309248,-4.71,0.0,0.0,0.0,-0.003353,7.630361,0.917601
152,311296,-3.9875,0.0,0.0,0.0,-0.001952,7.902543,0.916183
153,313344,-6.15,0.0,0.0,0.0,-0.004977,7.843169,0.907296
154,315392,-7.18,0.0,0.0,0.0,-0.001406,6.940579,0.898456
155,317440,-5.6575,0.0,0.0,0.0,-0.002943,7.646549,0.915439
156,319488,-4.1875,0.0,0.0,0.0,-0.004393,7.253495,0.960004
157,321536,-6.6475,0.0,0.0,0.0,-0.003924,7.488193,0.92359
158,323584,-8.5675,0.0,0.0,0.0,-0.002789,9.424883,0.946173
159,325632,-4.365,0.0,0.0,0.0,-0.007627,9.999799,0.939337
160,327680,-6.7475,0.06667,246.95045,3200000.0,-0.002301,7.591323,0.95641
161,329728,-5.7575,0.0,0.0,0.0,-0.002816,7.728457,0.923462
162,331776,-4.745,0.0,0.0,0.0,-0.002288,7.994224,0.929356
163,333824,-7.61,0.0,0.0,0.0,-0.003638,7.894545,0.92296
164,335872,-3.0975,0.0,0.0,0.0,-0.004598,7.980374,0.946405
165,337920,-7.0525,0.0,0.0,0.0,-0.005619,8.022562,0.938695
166,339968,-5.1,0.0,0.0,0.0,-0.005927,9.287249,0.938675
167,342016,-3.8025,0.0,0.0,0.0,-0.004232,9.014784,0.933857
168,344064,-3.6925,0.0,0.0,0.0,-0.006101,9.226747,0.956385
169,346112,-4.06,0.0,0.0,0.0,-0.004538,8.575736,0.922983
170,348160,-6.4825,0.33333,1111.92356,4320624.5059,-0.007101,8.420064,0.916819
171,350208,-5.86,0.0,0.0,0.0,-0.005225,8.077107,0.921196
172,352256,-5.5325,0.0,0.0,0.0,-0.002688,6.204355,0.895388
173,354304,-4.9975,0.0,0.0,0.0,-0.003239,7.302108,0.925164
174,356352,-5.2025,0.0,0.0,0.0,-0.002716,8.162513,0.908494
175,358400,-1.2925,0.0,0.0,0.0,-0.002182,6.403122,0.928373
176,360448,-6.38,0.0,0.0,0.0,-0.000713,7.810098,0.955287
177,362496,-4.925,0.0,0.0,0.0,-0.004065,6.900329,0.926524
178,364544,-4.585,0.0,0.0,0.0,-0.002389,8.658051,0.983827
179,366592,-2.1225,0.0,0.0,0.0,-0.005517,7.713454,0.935637
180,368640,-3.2325,0.3,1454.555,3166666.66667,-0.005041,7.085498,0.917392
181,370688,-4.12,0.0,0.0,0.0,-0.003534,6.014388,0.877834
182,372736,-5.6475,0.0,0.0,0.0,-0.003031,7.692547,0.929079
183,374784,-4.755,0.0,0.0,0.0,-0.004287,9.937939,0.933668
184,376832,-4.2575,0.0,0.0,0.0,-0.002831,7.987644,0.933648
185,378880,-3.1175,0.0,0.0,0.0,-0.00497,8.094267,0.872065
186,380928,-6.63,0.0,0.0,0.0,-0.003745,8.027658,0.879809
187,382976,-2.685,0.0,0.0,0.0,-0.00232,5.668884,0.863802
188,385024,-3.51,0.0,0.0,0.0,-0.003412,6.894127,0.81777
189,387072,-1.435,0.0,0.0,0.0,-0.003909,6.222179,0.895871
190,389120,-3.5625,0.1,677.9002,3333333.33333,-0.000725,7.333605,0.896758
191,391168,-6.855,0.0,0.0,0.0,-0.006368,8.959417,0.869254
192,393216,-6.2625,0.0,0.0,0.0,-0.006434,7.794069,0.879232
193,395264,-5.9875,0.0,0.0,0.0,-0.003408,8.189942,0.909254
194,397312,-2.0375,0.0,0.0,0.0,-0.00221,7.289305,0.943348
195,399360,-5.0475,0.0,0.0,0.0,-0.000366,6.723744,0.876781
196,401408,-0.5675,0.0,0.0,0.0,-0.005316,8.81316,0.936783
197,403456,-6.8175,0.0,0.0,0.0,-0.000874,6.157473,0.911459
198,405504,-6.2125,0.0,0.0,0.0,-0.002916,7.808142,0.941525
199,407552,-4.885,0.0,0.0,0.0,-0.002751,8.236354,0.940146
200,409600,-4.3675,0.3,787.71267,5914720.08403,-0.005593,9.033011,0.924124
201,411648,-3.495,0.0,0.0,0.0,-0.00373,7.537771,0.905896
202,413696,-4.18,0.0,0.0,0.0,-0.005335,9.195429,0.905741
203,415744,-4.81,0.0,0.0,0.0,0.000694,8.35462,0.901377
204,417792,-5.02,0.0,0.0,0.0,-0.00497,8.668717,0.872434
205,419840,-6.7575,0.0,0.0,0.0,-0.004651,7.760706,0.879477
206,421888,-7.81,0.0,0.0,0.0,-0.004876,7.20248,0.880941
207,423936,-4.79,0.0,0.0,0.0,-0.007987,7.676744,0.921768
208,425984,-4.75,0.0,0.0,0.0,-0.003531,9.234605,0.941382
209,428032,-3.715,0.0,0.0,0.0,-0.002852,8.063112,0.946968
210,430080,-4.9625,0.33333,1432.66848,3333333.33333,-0.004531,7.543135,0.910759
211,432128,-2.1075,0.0,0.0,0.0,-0.002851,7.221537,0.912382
212,434176,-3.515,0.0,0.0,0.0,-0.004117,8.040148,0.911711
213,436224,-5.095,0.0,0.0,0.0,-0.00212,9.692211,0.908918
214,438272,-6.1325,0.0,0.0,0.0,-0.003112,9.603794,0.928146
215,440320,-5.9,0.0,0.0,0.0,-0.000984,9.007791,0.954407
216,442368,-4.92,0.0,0.0,0.0,-0.001222,7.400602,0.94436
217,444416,-4.39,0.0,0.0,0.0,-0.004801,9.370855,0.967448
218,446464,-2.89,0.0,0.0,0.0,-0.005993,9.638943,0.966751
219,448512,-1.48,0.0,0.0,0.0,-0.00428,7.600655,0.937072
220,450560,-3.45,0.03333,104.0978,3466666.66667,-0.003015,7.042207,0.898662
221,452608,-6.14,0.0,0.0,0.0,-0.003391,8.133296,0.935109
222,454656,-2.25,0.0,0.0,0.0,-0.002793,9.395589,0.944043
223,456704,-3.505,0.0,0.0,0.0,-0.002417,9.307061,0.95876
224,458752,-4.65,0.0,0.0,0.0,-0.003132,9.325537,0.928757
225,460800,-5.7825,0.0,0.0,0.0,-0.00536,7.966058,0.881916
226,462848,-3.415,0.0,0.0,0.0,-0.002924,9.532912,0.924947
227,464896,-3.925,0.0,0.0,0.0,-0.000802,7.299576,0.844592
228,466944,-3.485,0.0,0.0,0.0,-0.003155,7.976444,0.955682
229,468992,-2.0,0.0,0.0,0.0,-0.003889,8.080177,0.882971
230,471040,-2.1225,0.4,1498.26129,5770444.46135,-0.004676,7.708699,0.962625
231,473088,-4.7425,0.0,0.0,0.0,-0.003851,7.764891,0.888785
232,475136,-6.45,0.0,0.0,0.0,-0.004359,7.181502,0.856592
233,477184,-3.7,0.0,0.0,0.0,-0.001478,6.927475,0.884944
234,479232,-4.26,0.0,0.0,0.0,-0.003113,7.972485,0.898248
235,481280,-0.9875,0.0,0.0,0.0,-0.00434,7.159035,0.932164
236,483328,-5.9375,0.0,0.0,0.0,-0.005827,7.004398,0.914841
237,485376,-1.395,0.0,0.0,0.0,-0.005525,6.384746,0.893925
238,487424,-3.2075,0.0,0.0,0.0,-0.000755,6.848317,0.89265
239,489472,-3.13,0.0,0.0,0.0,-0.001548,6.369425,0.879359
240,491520,-5.7625,0.3,1184.38554,3733333.33333,-0.002559,6.918947,0.894855
241,493568,-6.06,0.0,0.0,0.0,-0.002104,7.650788,0.899009
242,495616,-5.2675,0.0,0.0,0.0,0.000315,6.689869,0.928149
243,497664,-3.2025,0.0,0.0,0.0,-0.001366,7.20032,0.9261
244,499712,-3.2075,0.0,0.0,0.0,-0.001491,6.576008,0.917021
245,501760,-5.5525,0.0,0.0,0.0,-0.005652,7.038126,0.929379
246,503808,-2.0525,0.0,0.0,0.0,-0.003003,6.569814,0.919379
247,505856,-0.965,0.0,0.0,0.0,-0.001997,6.616377,0.879418
248,507904,0.36,0.0,0.0,0.0,-0.005125,8.295348,0.933182
249,509952,-7.03,0.0,0.0,0.0,-0.002539,7.64897,0.926782
250,512000,-4.41,0.03333,104.0978,3266666.66667,-0.003937,6.937538,0.923485
251,514048,-3.465,0.0,0.0,0.0,-0.003614,7.768155,0.892125
252,516096,-3.41,0.0,0.0,0.0,-0.003558,6.712392,0.930354
253,518144,-5.545,0.0,0.0,0.0,-0.002765,7.348159,0.890691
254,520192,-3.4175,0.0,0.0,0.0,-0.006301,9.269206,0.923842
255,522240,-6.425,0.0,0.0,0.0,-0.005131,7.193043,0.908491
256,524288,-3.9325,0.0,0.0,0.0,-0.005438,7.574084,0.863163
257,526336,-3.2625,0.0,0.0,0.0,-0.003457,6.58121,0.868462
258,528384,-5.4725,0.0,0.0,0.0,-0.004686,7.107813,0.903838
259,530432,-4.365,0.0,0.0,0.0,-0.002254,7.045404,0.885364
260,532480,-5.75,0.26667,961.49415,6145979.42234,-0.004302,8.84274,0.918356
261,534528,-6.4075,0.0,0.0,0.0,-0.003639,8.648398,0.894133
262,536576,-3.615,0.0,0.0,0.0,-0.002809,8.624266,0.901806
263,538624,-4.8975,0.0,0.0,0.0,-0.004178,7.549505,0.859794
264,540672,-3.24,0.0,0.0,0.0,-0.004556,9.069185,0.90931
265,542720,-4.0525,0.0,0.0,0.0,-0.004116,7.082673,0.890231
266,544768,-3.85,0.0,0.0,0.0,-0.003101,5.603742,0.853221
267,546816,-2.46,0.0,0.0,0.0,0.001942,8.089319,0.910751
268,548864,-4.965,0.0,0.0,0.0,-0.005224,8.407556,0.887227
269,550912,-3.4975,0.0,0.0,0.0,-0.004024,6.324298,0.856964
270,552960,-4.71,0.13333,426.81946,2966666.66667,-0.003259,6.458077,0.870649
271,555008,-6.3175,0.0,0.0,0.0,-0.002546,5.19975,0.828679
272,557056,-5.15,0.0,0.0,0.0,-0.004464,5.690555,0.849456
273,559104,-2.815,0.0,0.0,0.0,-0.005745,5.762689,0.850828
274,561152,-3.4075,0.0,0.0,0.0,-0.000282,4.957555,0.88141
275,563200,-4.2525,0.0,0.0,0.0,-0.003628,5.972439,0.857158
276,565248,-4.3225,0.0,0.0,0.0,-0.002978,6.126959,0.864488
277,567296,-2.6875,0.0,0.0,0.0,-0.005677,5.305413,0.901129
278,569344,-4.83,0.0,0.0,0.0,-0.00326,7.177561,0.863087
279,571392,-2.315,0.0,0.0,0.0,-0.005182,7.797855,0.85886
280,573440,-4.9925,0.06667,262.44026,3000000.0,-0.002644,7.685205,0.87238
281,575488,-5.56,0.0,0.0,0.0,-0.004921,6.996299,0.842391
282,577536,-4.0425,0.0,0.0,0.0,-0.00263,7.66038,0.904957
283,579584,-0.9775,0.0,0.0,0.0,-0.005659,7.181215,0.919789
284,581632,-4.0275,0.0,0.0,0.0,-0.003975,4.74692,0.849652
285,583680,-3.05,0.0,0.0,0.0,-0.007448,6.04957,0.867992
286,585728,-4.915,0.0,0.0,0.0,-0.006167,7.36153,0.864803
287,587776,-5.9775,0.0,0.0,0.0,-0.002606,5.993434,0.849073
288,589824,-1.1925,0.0,0.0,0.0,-0.004481,8.814585,0.899269
289,591872,-3.865,0.0,0.0,0.0,-0.001921,8.611242,0.895013
290,593920,-4.145,0.23333,827.41428,4861670.21457,-0.003207,7.808485,0.888864
291,595968,-5.3975,0.0,0.0,0.0,-0.002823,6.700994,0.844756
292,598016,-6.3825,0.0,0.0,0.0,-0.004393,7.190602,0.896216
293,600064,-6.945,0.0,0.0,0.0,-0.000411,7.873904,0.922606
294,602112,0.1125,0.0,0.0,0.0,-0.00477,7.060618,0.884175
295,604160,-1.1,0.0,0.0,0.0,-0.003374,7.138194,0.869787
296,606208,-5.46,0.0,0.0,0.0,-0.003502,7.215256,0.894123
297,608256,-4.8725,0.0,0.0,0.0,-0.00063,6.813449,0.887321
298,610304,-1.845,0.0,0.0,0.0,-0.003798,6.86783,0.909239
299,612352,-3.75,0.0,0.0,0.0,-0.004686,5.753932,0.881973
300,614400,-2.3975,0.23333,1339.393,4233333.33333,-0.004096,6.589753,0.855875
301,616448,-1.5,0.0,0.0,0.0,-0.002435,8.080501,0.891314
302,618496,-5.1775,0.0,0.0,0.0,-0.004875,6.60782,0.907455
303,620544,-5.96,0.0,0.0,0.0,-0.005854,7.643829,0.885877
304,622592,-1.765,0.0,0.0,0.0,-0.002323,6.665156,0.880411
305,624640,-6.2775,0.0,0.0,0.0,-0.003321,6.321724,0.85804
306,626688,-3.555,0.0,0.0,0.0,-0.00806,9.269773,0.850255
307,628736,-6.465,0.0,0.0,0.0,-0.004103,7.66766,0.850912
308,630784,-7.2475,0.0,0.0,0.0,-0.003635,6.525149,0.86332
309,632832,-5.1625,0.0,0.0,0.0,-0.002006,6.849939,0.858451
310,634880,-2.0475,0.0,0.0,3200000.0,-0.001927,7.23445,0.89212
311,636928,-3.69,0.0,0.0,0.0,-0.002709,8.797461,0.893373
312,638976,-2.8175,0.0,0.0,0.0,-0.007697,8.556088,0.851681
313,641024,-2.4625,0.0,0.0,0.0,-0.005378,6.758659,0.864214
314,643072,-4.3675,0.0,0.0,0.0,-0.004653,6.275432,0.834093
315,645120,-2.3475,0.0,0.0,0.0,-0.004545,7.831477,0.880939
316,647168,-2.24,0.0,0.0,0.0,-0.003861,6.888454,0.900264
317,649216,-7.8175,0.0,0.0,0.0,-0.00546,9.021303,0.882315
318,651264,-4.1625,0.0,0.0,0.0,-0.005801,5.889283,0.877555
319,653312,-6.4575,0.0,0.0,0.0,-0.002417,7.272945,0.877114
320,655360,-2.7775,0.23333,1009.10459,6849191.0777,-0.00173,6.596505,0.860836
321,657408,-4.385,0.0,0.0,0.0,-0.00298,5.619251,0.84694
322,659456,-2.9,0.0,0.0,0.0,-0.004591,7.312143,0.886251
323,661504,-5.1875,0.0,0.0,0.0,-0.007886,5.97022,0.851774
324,663552,-4.345,0.0,0.0,0.0,-0.005441,6.546956,0.840928
325,665600,-2.345,0.0,0.0,0.0,-0.003598,7.157473,0.874164
326,667648,-7.965,0.0,0.0,0.0,-0.004652,8.386186,0.882364
327,669696,-3.63,0.0,0.0,0.0,-0.00465,7.909993,0.851919
328,671744,-4.4925,0.0,0.0,0.0,-0.003552,6.347367,0.8779
329,673792,-2.6425,0.0,0.0,0.0,-0.007022,7.359826,0.855391
330,675840,-2.48,0.13333,452.52229,3266666.66667,-0.005137,5.859081,0.84157
331,677888,-2.57,0.0,0.0,0.0,-0.0028,6.151132,0.828984
332,679936,-2.3925,0.0,0.0,0.0,-0.005487,7.37048,0.86133
333,681984,-2.46,0.0,0.0,0.0,-0.005206,7.257382,0.870267
334,684032,-3.7925,0.0,0.0,0.0,-0.000426,6.687432,0.860614
335,686080,-2.7075,0.0,0.0,0.0,-0.007543,6.657239,0.811972
336,688128,-4.3575,0.0,0.0,0.0,-0.003706,6.083589,0.816155
337,690176,-5.0425,0.0,0.0,0.0,-0.003511,7.440618,0.907842
338,692224,-6.0725,0.0,0.0,0.0,-0.004976,8.824788,0.900467
339,694272,-4.9075,0.0,0.0,0.0,-0.004746,7.025528,0.867908
340,696320,-3.4375,0.06667,191.53728,3533333.33333,-0.006105,7.47385,0.873559
341,698368,-5.4275,0.0,0.0,0.0,-0.002734,7.474607,0.857357
342,700416,-5.5125,0.0,0.0,0.0,-0.006458,7.839379,0.864791
343,702464,-3.1925,0.0,0.0,0.0,-0.004197,8.985877,0.919668
344,704512,-3.42,0.0,0.0,0.0,-0.003948,5.630926,0.860982
345,706560,-6.7025,0.0,0.0,0.0,-0.003257,7.360864,0.881616
346,708608,-2.585,0.0,0.0,0.0,-0.002935,6.205534,0.863167
347,710656,-3.9025,0.0,0.0,0.0,-0.003916,7.220875,0.842938
348,712704,-5.4525,0.0,0.0,0.0,-0.00372,6.429522,0.818678
349,714752,-4.81,0.0,0.0,0.0,-0.004276,7.896591,0.84629
350,716800,-4.8,0.33333,1098.79683,5788750.49432,-0.003773,6.698234,0.780661
351,718848,-1.11,0.0,0.0,0.0,-0.005754,6.192765,0.818619
352,720896,-3.3275,0.0,0.0,0.0,-0.004479,6.877656,0.838117
353,722944,-0.525,0.0,0.0,0.0,-0.00409,6.877978,0.824709
354,724992,-5.2725,0.0,0.0,0.0,-0.002223,5.886627,0.81505
355,727040,-4.835,0.0,0.0,0.0,-0.001522,7.229223,0.815436
356,729088,-3.4125,0.0,0.0,0.0,-0.001161,6.841228,0.869773
357,731136,-1.96,0.0,0.0,0.0,-0.003635,6.635483,0.858533
358,733184,-7.115,0.0,0.0,0.0,-0.003978,7.779495,0.85078
359,735232,-1.7,0.0,0.0,0.0,-0.007231,10.592552,0.844406
360,737280,-6.62,0.26667,1300.64326,4166666.66667,-0.003501,9.617882,0.866267
361,739328,-3.4175,0.0,0.0,0.0,-0.003763,7.167992,0.861927
362,741376,-0.7025,0.0,0.0,0.0,-0.004094,8.784795,0.867076
363,743424,-4.3975,0.0,0.0,0.0,-0.004703,7.694274,0.860916
364,745472,-3.06,0.0,0.0,0.0,-0.005254,7.845258,0.864067
365,747520,-6.425,0.0,0.0,0.0,-0.003333,6.803496,0.84018
366,749568,-0.45,0.0,0.0,0.0,-0.003206,8.051564,0.86668
367,751616,-3.195,0.0,0.0,0.0,-0.002169,7.418844,0.883923
368,753664,-2.8075,0.0,0.0,0.0,-0.004231,8.041219,0.899608
369,755712,-5.2075,0.0,0.0,0.0,-0.0054,8.794634,0.877671
370,757760,-1.1225,0.03333,38.87386,2200000.0,-0.005845,7.627092,0.893692
371,759808,-4.2275,0.0,0.0,0.0,-0.006484,7.09936,0.919235
372,761856,-1.045,0.0,0.0,0.0,-0.005523,6.412978,0.87355
373,763904,-4.725,0.0,0.0,0.0,-0.006291,7.300744,0.893137
374,765952,-2.4525,0.0,0.0,0.0,-0.008023,7.514089,0.862435
375,768000,-3.9125,0.0,0.0,0.0,-0.00623,6.660692,0.84546
376,770048,-5.005,0.0,0.0,0.0,-0.002352,5.398821,0.863291
377,772096,-3.2025,0.0,0.0,0.0,-0.001971,8.004855,0.862018
378,774144,0.1075,0.0,0.0,0.0,-0.002709,8.204877,0.888286
379,776192,-4.7075,0.0,0.0,0.0,-0.004665,8.108494,0.872863
380,778240,-6.03,0.3,791.72323,5734630.68351,-0.002968,7.999848,0.883569
381,780288,-5.8975,0.0,0.0,0.0,-0.003899,7.235524,0.882761
382,782336,-2.675,0.0,0.0,0.0,-0.008628,8.88978,0.822849
383,784384,-2.2725,0.0,0.0,0.0,-0.003658,7.915104,0.878458
384,786432,-5.355,0.0,0.0,0.0,-0.00283,5.879425,0.831072
385,788480,-2.71,0.0,0.0,0.0,-0.004859,7.969047,0.857268
386,790528,-4.0575,0.0,0.0,0.0,-0.003406,8.937403,0.845512
387,792576,-1.2975,0.0,0.0,0.0,-0.003527,8.816628,0.862731
388,794624,-4.0925,0.0,0.0,0.0,-0.002532,6.963573,0.877707
389,796672,-2.995,0.0,0.0,0.0,-0.003451,6.84472,0.844664
390,798720,-4.69,0.1,520.77594,3900000.0,-0.001096,7.597847,0.893677
391,800768,-3.615,0.0,0.0,0.0,-0.0084,10.178224,0.881453
392,802816,-5.25,0.0,0.0,0.0,-0.003434,7.17151,0.868581
393,804864,-5.47,0.0,0.0,0.0,-0.004355,5.847001,0.874099
394,806912,-3.1025,0.0,0.0,0.0,-0.00642,7.906294,0.842425
395,808960,-4.0675,0.0,0.0,0.0,-0.003352,7.2906,0.882272
396,811008,-1.965,0.0,0.0,0.0,-0.004113,7.816705,0.876818
397,813056,-2.2375,0.0,0.0,0.0,-0.002282,7.948546,0.863875
398,815104,-4.295,0.0,0.0,0.0,-0.004021,8.044899,0.824069
399,817152,-6.89,0.0,0.0,0.0,-0.004865,10.572581,0.836689
400,819200,-2.7775,0.06667,459.36394,3266666.66667,-0.003792,7.799996,0.808359
401,821248,-5.87,0.0,0.0,0.0,-0.005193,7.840943,0.82475
402,823296,-0.945,0.0,0.0,0.0,-0.002937,7.403478,0.821224
403,825344,-3.1725,0.0,0.0,0.0,-0.004728,7.512325,0.852045
404,827392,-5.185,0.0,0.0,0.0,-0.004747,9.471485,0.83616
405,829440,-8.185,0.0,0.0,0.0,-0.003127,5.671354,0.833034
406,831488,-3.5425,0.0,0.0,0.0,-0.003812,6.995754,0.8057
407,833536,-5.52,0.0,0.0,0.0,-0.001501,6.287482,0.816623
408,835584,-3.3975,0.0,0.0,0.0,-0.008318,6.538796,0.871994
409,837632,-4.19,0.0,0.0,0.0,-0.003737,8.178793,0.888803
410,839680,-3.0075,0.2,627.8656,5886021.5068,-0.002456,9.020844,0.846187
411,841728,-3.5075,0.0,0.0,0.0,-0.00816,8.880103,0.834423
412,843776,-2.9,0.0,0.0,0.0,-0.002326,7.249927,0.856463
413,845824,-4.8375,0.0,0.0,0.0,-0.008336,6.670958,0.84832
414,847872,-2.8775,0.0,0.0,0.0,-0.007069,9.620397,0.873751
415,849920,-2.5425,0.0,0.0,0.0,-0.003943,8.15266,0.814159
416,851968,-3.0925,0.0,0.0,0.0,-0.001396,7.819513,0.868417
417,854016,-3.4025,0.0,0.0,0.0,-0.004038,6.506469,0.847624
418,856064,-3.65,0.0,0.0,0.0,-0.006008,7.396293,0.850347
419,858112,-2.625,0.0,0.0,0.0,-0.004428,6.618797,0.813174
420,860160,-5.8275,0.26667,1135.33134,4066666.66667,-0.003832,7.319488,0.832166
421,862208,0.1975,0.0,0.0,0.0,-0.00542,6.615765,0.800164
422,864256,-6.8825,0.0,0.0,0.0,-0.009198,7.84233,0.827777
423,866304,-3.8675,0.0,0.0,0.0,-0.002981,5.67755,0.851896
424,868352,-3.3125,0.0,0.0,0.0,-0.003581,6.508152,0.812708
425,870400,-5.0675,0.0,0.0,0.0,-0.00832,8.284673,0.851388
426,872448,-4.2075,0.0,0.0,0.0,-0.004511,7.766183,0.809814
427,874496,-2.505,0.0,0.0,0.0,-0.003466,6.639616,0.805683
428,876544,-3.8375,0.0,0.0,0.0,-0.003212,6.320544,0.848376
429,878592,-4.33,0.0,0.0,0.0,-0.005854,6.050654,0.787923
430,880640,-3.7475,0.06667,261.82966,3600000.0,-0.006003,6.563736,0.810027
431,882688,-4.6225,0.0,0.0,0.0,-0.004655,6.82458,0.813737
432,884736,-4.3875,0.0,0.0,0.0,-0.005758,8.085132,0.835147
433,886784,-2.4475,0.0,0.0,0.0,-0.001868,7.33519,0.846454
434,888832,-1.6975,0.0,0.0,0.0,-0.003685,5.419425,0.808805
435,890880,-1.835,0.0,0.0,0.0,-0.003134,7.3435,0.80859
436,892928,0.0125,0.0,0.0,0.0,-0.003902,7.898109,0.818907
437,894976,-4.9725,0.0,0.0,0.0,-0.004386,6.358877,0.820462
438,897024,-3.55,0.0,0.0,0.0,-0.005475,6.664217,0.823377
439,899072,-3.39,0.0,0.0,0.0,-0.003896,6.86705,0.820757
440,901120,-2.5525,0.33333,1189.04195,4844705.47965,-0.00362,7.124783,0.805008
441,903168,-6.205,0.0,0.0,0.0,-0.002822,7.214066,0.808375
442,905216,-2.905,0.0,0.0,0.0,-0.004792,6.690614,0.818441
443,907264,-2.6725,0.0,0.0,0.0,-0.004168,6.350817,0.811942
444,909312,-2.155,0.0,0.0,0.0,-0.003186,6.875482,0.833148
445,911360,-3.445,0.0,0.0,0.0,-0.003239,5.324785,0.786013
446,913408,-1.8275,0.0,0.0,0.0,-0.002551,8.287793,0.854712
447,915456,-3.1,0.0,0.0,0.0,-0.003318,8.266693,0.821875
448,917504,-2.4775,0.0,0.0,0.0,-0.006138,6.248299,0.816452
449,919552,-3.2875,0.0,0.0,0.0,-0.004505,6.848996,0.805731
450,921600,-4.285,0.2,704.32032,4666666.66667,-0.002555,7.099552,0.803961
451,923648,-3.615,0.0,0.0,0.0,-0.002534,7.641462,0.811215
452,925696,-5.435,0.0,0.0,0.0,-0.002225,6.324126,0.802418
453,927744,-2.5525,0.0,0.0,0.0,-0.007647,6.746563,0.781264
454,929792,-3.06,0.0,0.0,0.0,-0.001915,6.696094,0.823581
455,931840,-0.885,0.0,0.0,0.0,-0.004493,7.740132,0.81071
456,933888,-4.055,0.0,0.0,0.0,-0.006078,8.570068,0.830436
457,935936,-5.6525,0.0,0.0,0.0,-0.003885,8.065179,0.800571
458,937984,-3.4525,0.0,0.0,0.0,-0.003179,6.973783,0.834136
459,940032,-2.2075,0.0,0.0,0.0,-0.003102,7.066833,0.815453
460,942080,0.925,0.06667,337.23853,3066666.66667,-0.003119,7.496421,0.817751
461,944128,-5.4075,0.0,0.0,0.0,-0.00438,7.517083,0.808298
462,946176,-3.97,0.0,0.0,0.0,-0.002235,6.134548,0.816605
463,948224,-3.5525,0.0,0.0,0.0,-0.004608,8.754302,0.811415
464,950272,-4.805,0.0,0.0,0.0,-0.005355,7.102573,0.797491
465,952320,-3.185,0.0,0.0,0.0,-0.00431,6.976837,0.826707
466,954368,-1.905,0.0,0.0,0.0,-0.005035,7.555406,0.823494
467,956416,-5.835,0.0,0.0,0.0,-0.001418,6.970171,0.860072
468,958464,-6.1925,0.0,0.0,0.0,-0.005069,8.147365,0.841611
469,960512,-2.0975,0.0,0.0,0.0,-0.003299,7.318445,0.820116
470,962560,-3.93,0.2,1093.13876,7772004.76897,-0.005602,6.810417,0.783631
471,964608,-3.305,0.0,0.0,0.0,-0.002824,6.61303,0.789585
472,966656,-1.0525,0.0,0.0,0.0,-0.003792,7.779931,0.828317
473,968704,-2.2625,0.0,0.0,0.0,-0.002061,6.589097,0.769822
474,970752,-4.5525,0.0,0.0,0.0,-0.00287,8.158382,0.797854
475,972800,-4.1625,0.0,0.0,0.0,-0.005023,6.616799,0.7839
476,974848,-3.2025,0.0,0.0,0.0,-0.004182,9.362513,0.873983
477,976896,-2.57,0.0,0.0,0.0,-0.001939,6.848568,0.805042
478,978944,-4.7,0.0,0.0,0.0,-0.004698,7.339131,0.795298
479,980992,-8.495,0.0,0.0,0.0,-0.007922,7.11965,0.810795
480,983040,-5.46,0.2,788.09318,4133333.33333,-0.006207,9.269445,0.810932
481,985088,-2.3675,0.0,0.0,0.0,-0.005999,8.066031,0.792205
482,987136,-5.225,0.0,0.0,0.0,-0.002146,6.648409,0.810354
483,989184,-3.57,0.0,0.0,0.0,-0.001145,7.215395,0.834989
484,991232,-2.25,0.0,0.0,0.0,-0.00484,7.637216,0.810669
485,993280,-2.91,0.0,0.0,0.0,-0.003313,6.662743,0.837584
486,995328,-4.3525,0.0,0.0,0.0,-0.007933,8.15745,0.830062
487,997376,-4.1275,0.0,0.0,0.0,-0.003786,7.22752,0.79691
488,999424,-4.5325,0.0,0.0,0.0,-0.006885,6.82172,0.8382
489,1000000,-1.2,0.0,0.0,0.0,-0.008598,6.8869,0.848276
